2
3
4
6
7
8
9
11
13
14
15
16
17
18
19
20
21
22
25
26
27
28
29
30
31
32
34
36
37
38
39
40
41
42
43
44
46
47
49
50
52
53
54
57
58
59
61
62
63
66
67
68
69
70
71
72
73
75
76
77
78
79
80
81
83
84
85
86
87
88
89
90
91
92
93
94
95
96
97
98
99
100
101
102
103
104
105
106
107
108
110
111
112
115
117
119
120
121
122
124
126
128
129
133
134
135
136
137
138
139
140
141
142
143
144
145
146
147
148
149
150
152
155
156
157
158
160
161
162
164
165
166
167
170
171
172
174
175
177
178
179
180
183
184
185
186
188
189
190
191
192
193
195
197
198
199
200
201
202
205
206
207
208
210
211
212
213
214
218
219
220
221
222
223
224
227
228
229
230
231
232
233
234
235
236
237
239
240
242
243
244
245
247
248
249
251
252
253
254
255
256
257
258
259
260
261
265
267
268
269
272
273
274
275
276
277
278
279
281
282
283
284
285
286
287
288
289
290
291
293
294
296
297
298
299
300
301
302
303
304
305
306
307
308
309
310
311
312
313
314
315
316
317
319
320
321
322
323
324
327
331
333
335
337
338
339
340
341
342
343
344
346
347
348
349
350
351
352
353
354
355
356
357
358
359
360
361
362
363
364
365
367
368
369
370
372
373
374
375
376
377
378
379
380
381
382
385
386
387
388
390
391
392
393
394
395
396
397
398
399
400
401
402
403
405
406
407
408
409
410
411
412
414
415
416
417
418
419
421
422
423
424
425
426
430
431
432
433
434
435
436
437
438
439
441
442
443
444
445
446
447
449
450
452
453
454
455
456
457
458
459
460
461
462
463
464
465
466
467
468
469
470
471
472
474
475
476
477
478
479
480
481
482
483
484
485
486
487
488
489
491
492
493
494
495
496
498
499
500
501
502
503
504
505
506
507
512
513
514
516
517
518
519
520
521
522
523
526
527
528
530
531
533
534
535
536
537
538
540
541
542
543
544
546
547
548
549
550
552
553
554
555
556
557
558
559
560
561
562
563
564
565
566
567
568
569
570
571
573
575
576
577
578
579
580
581
583
584
585
587
589
590
591
592
593
594
600
604
605
606
607
608
609
611
613
614
615
616
618
619
620
621
622
623
624
625
626
627
628
629
630
631
632
633
634
635
636
637
638
639
640
641
642
644
645
646
647
648
649
650
653
654
655
656
657
658
659
660
662
663
664
665
666
667
668
669
670
671
672
673
674
675
676
677
678
679
680
681
682
683
684
685
686
687
688
689
690
692
695
697
698
699
701
702
703
704
706
707
708
709
711
712
713
714
715
716
717
718
719
720
721
722
723
724
725
726
727
728
729
730
731
732
733
734
735
736
737
739
740
741
742
743
744
745
746
747
748
750
751
752
753
755
756
757
758
759
761
762
763
764
768
769
770
772
774
775
776
777
778
779
782
783
784
789
791
792
793
796
797
798
799
800
801
802
803
804
805
806
807
809
810
811
812
813
814
815
816
817
818
819
820
821
822
823
825
827
828
829
830
832
833
834
835
836
838
839
841
842
843
844
845
847
848
849
850
851
852
854
855
856
857
859
860
861
862
863
865
866
868
870
871
872
874
875
876
877
878
880
881
882
883
884
885
886
887
888
889
890
891
892
893
895
896
898
899
900
902
903
906
907
908
909
910
911
912
913
914
915
916
917
918
919
920
921
922
923
924
925
926
928
929
930
931
932
934
935
936
937
938
939
940
941
942
943
944
945
947
949
950
951
952
953
954
955
956
958
959
960
961
962
963
964
965
966
967
968
969
970
971
972
973
974
976
977
978
979
980
981
982
984
985
988
990
992
994
995
996
997
998
999
1000
1001
1002
1003
1004
1005
1007
1009
1011
1012
1013
1014
1015
1017
1018
1019
1020
1021
1022
1023
1024
1028
1029
1030
1031
1033
1034
1035
1036
1037
1038
1039
1040
1041
1042
1043
1044
1045
1046
1047
1048
1049
1050
1051
1053
1054
1055
1056
1057
1058
1059
1060
1061
1062
1063
1064
1065
1067
1068
1069
1070
1071
1072
1073
1074
1075
1076
1077
1078
1079
1080
1081
1082
1085
1086
1087
1088
1089
1090
1091
1092
1093
1094
1096
1097
1098
1099
1101
1102
1104
1105
1106
1107
1108
1109
1110
1111
1112
1114
1116
1117
1118
1120
1121
1122
1123
1125
1127
1129
1130
1131
1132
1134
1136
1138
1139
1140
1141
1142
1143
1144
1147
1151
1152
1153
1154
1155
1156
1157
1158
1159
1160
1161
1163
1164
1165
1166
1169
1170
1171
1172
1174
1175
1176
1177
1178
1179
1180
1181
1182
1184
1185
1186
1187
1188
1189
1190
1191
1192
1193
1194
1195
1197
1198
1199
1200
1201
1202
1203
1204
1205
1206
1207
1208
1209
1210
1211
1212
1213
1215
1216
1218
1220
1221
1222
1223
1224
1225
1226
1227
1228
1229
1230
1231
1232
1233
1234
1235
1236
1237
1238
1239
1240
1241
1242
1243
1244
1245
1246
1247
1249
1251
1252
1253
1255
1257
1258
1259
1260
1261
1262
1263
1265
1267
1268
1269
1270
1272
1273
1274
1275
1276
1278
1279
1280
1281
1282
1283
1284
1285
1286
1287
1288
1289
1290
1291
1292
1293
1294
1295
1296
1297
1300
1301
1303
1305
1306
1307
1308
1310
1311
1312
1313
1314
1315
1316
1318
1319
1320
1321
1322
1323
1324
1325
1326
1327
1328
1333
1334
1335
1337
1338
1339
1340
1341
1342
1343
1344
1345
1347
1349
1350
1351
1352
1353
1354
1355
1356
1357
1358
1359
1360
1361
1362
1363
1366
1367
1368
1369
1370
1371
1372
1374
1375
1376
1377
1378
1379
1381
1382
1383
1384
1385
1386
1387
1388
1389
1390
1391
1392
1393
1394
1395
1397
1398
1399
1401
1402
1403
1404
1405
1406
1408
1410
1411
1412
1413
1414
1415
1416
1417
1418
1419
1423
1424
1425
1426
1427
1429
1430
1432
1433
1434
1435
1436
1438
1439
1440
1441
1442
1443
1444
1446
1450
1451
1455
1456
1458
1459
1460
1461
1462
1463
1465
1467
1468
1469
1470
1473
1474
1475
1476
1477
1478
1479
1480
1481
1482
1483
1484
1485
1486
1487
1488
1489
1490
1491
1492
1493
1495
1496
1497
1499
1500
1501
1502
1503
1504
1505
1506
1507
1508
1509
1510
1511
1512
1514
1515
1516
1518
1519
1520
1521
1522
1524
1525
1526
1527
1528
1529
1530
1531
1532
1533
1534
1537
1538
1539
1540
1541
1545
1546
1547
1548
1549
1551
1552
1553
1554
1555
1556
1557
1558
1559
1560
1561
1563
1564
1565
1566
1567
1568
1569
1571
1573
1574
1575
1577
1579
1580
1581
1582
1583
1584
1585
1586
1587
1588
1589
1590
1591
1592
1593
1594
1595
1596
1597
1598
1599
1600
1601
1602
1603
1605
1606
1607
1608
1609
1610
1611
1612
1616
1617
1618
1619
1620
1621
1622
1623
1624
1626
1627
1628
1629
1630
1631
1632
1633
1634
1635
1636
1637
1638
1639
1640
1641
1642
1643
1644
1645
1646
1647
1648
1649
1650
1651
1652
1653
1654
1655
1656
1657
1658
1659
1660
1661
1662
1663
1664
1666
1667
1668
1670
1672
1673
1674
1675
1676
1677
1680
1681
1682
1683
1685
1686
1687
1689
1690
1691
1693
1695
1696
1698
1700
1702
1703
1704
1706
1707
1708
1710
1711
1712
1713
1714
1717
1718
1719
1720
1721
1723
1724
1725
1727
1728
1729
1730
1732
1733
1734
1735
1736
1737
1739
1740
1741
1742
1744
1745
1746
1747
1749
1750
1751
1752
1754
1755
1756
1758
1759
1760
1762
1763
1764
1765
1766
1768
1769
1770
1772
1774
1775
1776
1778
1779
1780
1781
1782
1783
1784
1785
1786
1787
1788
1789
1790
1792
1793
1794
1795
1796
1797
1798
1799
1800
1802
1803
1804
1805
1807
1808
1809
1810
1811
1812
1813
1816
1817
1819
1820
1822
1823
1824
1825
1826
1827
1828
1829
1830
1831
1832
1833
1835
1836
1837
1838
1839
1840
1841
1842
1843
1844
1846
1847
1848
1851
1853
1854
1855
1858
1859
1860
1862
1863
1865
1866
1867
1868
1869
1870
1871
1872
1873
1875
1876
1878
1880
1881
1883
1884
1885
1886
1887
1888
1889
1890
1891
1893
1894
1895
1896
1898
1899
1900
1901
1902
1904
1905
1906
1909
1910
1911
1912
1913
1914
1915
1916
1917
1918
1919
1920
1921
1924
1925
1926
1927
1928
1929
1930
1931
1932
1936
1937
1938
1940
1944
1946
1947
1948
1949
1950
1951
1952
1953
1954
1955
1957
1958
1959
1960
1961
1962
1963
1964
1965
1966
1967
1971
1972
1974
1975
1976
1977
1978
1979
1980
1982
1984
1985
1986
1988
1990
1992
1993
1994
1995
1996
1997
1998
1999
2000
2001
2002
2003
2004
2005
2006
2007
2008
2010
2011
2012
2013
2014
2015
2016
2017
2018
2019
2020
2021
2022
2023
2024
2025
2026
2027
2028
2029
2030
2031
2032
2033
2034
2035
2036
2037
2038
2040
2041
2042
2043
2046
2047
2048
2049
2051
2054
2055
2056
2057
2058
2059
2061
2062
2063
2064
2066
2068
2070
2071
2072
2073
2074
2075
2076
2077
2078
2079
2080
2081
2082
2083
2084
2085
2086
2087
2088
2089
2090
2091
2093
2094
2096
2097
2098
2099
2100
2101
2102
2103
2104
2105
2106
2107
2110
2112
2113
2115
2116
2118
2119
2120
2121
2122
2123
2124
2125
2126
2127
2128
2129
2130
2131
2132
2133
2134
2135
2136
2137
2138
2140
2141
2143
2144
2145
2146
2147
2148
2149
2152
2153
2155
2156
2157
2158
2159
2160
2161
2162
2163
2164
2165
2167
2168
2169
2170
2171
2172
2173
2174
2175
2176
2177
2178
2179
2180
2182
2183
2184
2185
2186
2187
2188
2189
2190
2191
2194
2195
2196
2197
2200
2201
2202
2203
2204
2205
2206
2207
2208
2209
2210
2211
2212
2213
2214
2215
2216
2217
2218
2219
2220
2221
2222
2223
2224
2225
2226
2227
2228
2229
2230
2231
2232
2233
2234
2235
2237
2238
2239
2240
2242
2243
2245
2246
2247
2248
2249
2250
2251
2252
2253
2254
2255
2257
2258
2259
2260
2261
2262
2263
2264
2265
2266
2267
2268
2269
2270
2271
2272
2273
2274
2275
2276
2277
2278
2281
2283
2284
2285
2286
2287
2288
2289
2290
2291
2294
2295
2296
2297
2298
2299
2300
2301
2302
2304
2305
2306
2309
2310
2311
2313
2314
2315
2316
2318
2319
2322
2323
2324
2326
2327
2328
2329
2330
2331
2332
2333
2334
2335
2336
2337
2338
2339
2340
2341
2342
2343
2344
2345
2346
2347
2348
2351
2352
2353
2354
2355
2356
2359
2360
2361
2362
2363
2364
2365
2368
2369
2370
2371
2372
2375
2376
2377
2380
2381
2382
2383
2384
2385
2386
2387
2388
2389
2391
2392
2393
2394
2395
2396
2397
2398
2399
2400
2401
2402
2403
2404
2405
2406
2407
2408
2410
2411
2412
2413
2414
2415
2416
2417
2418
2419
2420
2421
2422
2423
2424
2425
2426
2427
2430
2431
2433
2434
2435
2436
2437
2438
2439
2440
2441
2442
2443
2444
2446
2447
2448
2449
2450
2451
2452
2454
2455
2458
2459
2460
2461
2462
2463
2464
2465
2466
2468
2469
2470
2471
2473
2474
2475
2477
2478
2479
2480
2481
2482
2483
2484
2485
2486
2487
2488
2489
2490
2491
2492
2493
2494
2496
2498
2501
2502
2504
2505
2506
2507
2508
2509
2510
2511
2512
2513
2514
2515
2516
2517
2518
2520
2521
2522
2523
2525
2526
2527
2528
2529
2530
2533
2535
2536
2537
2538
2539
2540
2541
2542
2543
2544
2545
2546
2547
2548
2549
2550
2551
2552
2553
2555
2556
2557
2558
2559
2564
2565
2566
2567
2568
2569
2570
2572
2573
2574
2576
2577
2578
2579
2580
2581
2582
2584
2585
2586
2587
2588
2589
2590
2591
2592
2593
2594
2595
2596
2597
2598
2599
2601
2602
2603
2605
2606
2607
2610
2611
2612
2613
2614
2615
2616
2619
2620
2621
2622
2623
2624
2625
2626
2627
2628
2629
2630
2631
2632
2633
2634
2635
2636
2637
2638
2639
2640
2641
2642
2645
2646
2647
2649
2650
2651
2652
2653
2654
2655
2656
2658
2659
2661
2662
2663
2664
2665
2666
2667
2668
2669
2670
2671
2672
2673
2674
2675
2677
2678
2679
2680
2681
2682
2683
2684
2685
2687
2688
2689
2690
2691
2692
2693
2694
2695
2696
2697
2699
2700
2701
2702
2703
2704
2705
2706
2707
2708
2709
2710
2711
2712
2713
2714
2716
2717
2718
2719
2720
2721
2722
2723
2724
2725
2726
2727
2729
2730
2731
2732
2733
2734
2735
2736
2737
2738
2740
2741
2742
2743
2744
2746
2747
2748
2750
2751
2752
2753
2755
2757
2758
2759
2760
2761
2762
2764
2765
2766
2767
2768
2769
2770
2771
2773
2774
2775
2776
2777
2778
2779
2780
2781
2783
2784
2785
2786
2787
2790
2791
2792
2793
2794
2795
2797
2798
2800
2801
2802
2803
2804
2805
2806
2807
2808
2809
2810
2811
2813
2814
2815
2816
2817
2818
2819
2820
2821
2823
2825
2826
2828
2829
2830
2831
2832
2833
2834
2836
2837
2838
2839
2840
2841
2842
2845
2847
2848
2849
2850
2851
2852
2853
2854
2855
2856
2858
2861
2863
2864
2865
2866
2867
2868
2870
2871
2872
2873
2874
2876
2877
2878
2879
2880
2881
2882
2883
2884
2885
2886
2887
2889
2892
2893
2894
2895
2896
2899
2900
2902
2903
2904
2905
2906
2907
2908
2909
2910
2912
2913
2914
2915
2916
2917
2918
2919
2920
2921
2922
2923
2927
2928
2930
2931
2932
2933
2934
2936
2938
2939
2940
2941
2942
2943
2944
2945
2946
2948
2949
2950
2951
2952
2953
2955
2956
2957
2958
2959
2960
2961
2962
2963
2964
2965
2968
2970
2971
2973
2974
2975
2976
2977
2978
2979
2980
2981
2983
2984
2985
2987
2988
2989
2990
2991
2994
2995
2996
2997
2998
3002
3003
3004
3009
3010
3011
3012
3014
3015
3016
3017
3018
3019
3020
3021
3022
3023
3024
3025
3027
3028
3029
3030
3032
3033
3035
3036
3037
3039
3041
3042
3043
3044
3045
3046
3047
3049
3050
3051
3052
3054
3055
3057
3058
3059
3060
3061
3062
3063
3065
3068
3069
3071
3072
3073
3074
3075
3076
3077
3079
3080
3081
3082
3083
3084
3085
3089
3090
3091
3093
3094
3095
3096
3097
3098
3099
3100
3101
3102
3103
3104
3105
3106
3107
3108
3109
3111
3112
3113
3114
3115
3116
3117
3118
3119
3120
3121
3122
3123
3124
3125
3127
3128
3129
3130
3134
3137
3138
3140
3141
3142
3143
3145
3146
3150
3151
3152
3153
3154
3155
3156
3157
3159
3160
3161
3162
3163
3164
3165
3166
3167
3168
3169
3170
3171
3172
3173
3174
3175
3177
3178
3179
3180
3181
3182
3186
3187
3188
3189
3190
3191
3192
3193
3194
3195
3196
3197
3198
3199
3200
3201
3202
3203
3204
3205
3206
3207
3208
3209
3213
3214
3215
3216
3218
3219
3221
3224
3225
3227
3228
3229
3230
3231
3232
3234
3235
3236
3237
3238
3239
3240
3242
3243
3244
3245
3246
3247
3248
3249
3250
3251
3252
3253
3254
3255
3256
3257
3258
3259
3261
3263
3264
3265
3266
3267
3268
3271
3273
3274
3275
3276
3278
3279
3280
3281
3282
3284
3285
3286
3287
3289
3290
3291
3293
3294
3297
3299
3300
3301
3302
3303
3304
3305
3306
3307
3308
3309
3310
3311
3312
3313
3315
3316
3317
3319
3321
3322
3324
3325
3327
3329
3330
3331
3332
3333
3334
3337
3338
3340
3341
3342
3343
3345
3346
3347
3348
3350
3351
3352
3353
3354
3355
3356
3357
3358
3359
3360
3361
3362
3363
3364
3365
3367
3368
3369
3370
3371
3372
3374
3375
3376
3378
3379
3380
3381
3385
3387
3389
3390
3391
3392
3393
3394
3397
3399
3400
3401
3402
3403
3405
3406
3407
3410
3413
3414
3416
3417
3418
3419
3420
3421
3422
3423
3424
3425
3426
3428
3429
3430
3431
3432
3433
3434
3435
3436
3438
3440
3441
3442
3444
3445
3446
3447
3450
3451
3452
3453
3455
3456
3457
3458
3459
3460
3461
3463
3464
3465
3466
3467
3468
3469
3470
3471
3472
3473
3474
3475
3476
3477
3479
3481
3482
3483
3485
3486
3487
3488
3489
3491
3492
3493
3494
3495
3496
3497
3498
3499
3502
3503
3505
3506
3508
3509
3511
3512
3513
3514
3515
3516
3518
3519
3520
3521
3522
3523
3524
3527
3528
3530
3531
3532
3533
3534
3535
3536
3537
3538
3539
3540
3541
3542
3543
3544
3545
3546
3547
3548
3549
3550
3551
3552
3553
3554
3555
3556
3557
3558
3559
3560
3561
3562
3563
3564
3565
3566
3567
3568
3569
3570
3571
3572
3573
3574
3575
3576
3578
3579
3580
3581
3582
3583
3584
3585
3586
3587
3588
3589
3590
3591
3592
3593
3594
3595
3596
3597
3598
3599
3600
3601
3602
3603
3604
3605
3606
3607
3608
3609
3610
3611
3612
3613
3614
3615
3616
3617
3618
3619
3620
3621
3622
3623
3624
3625
3626
3627
3628
3629
3630
3632
3633
3634
3635
3636
3637
3638
3639
3640
3641
3643
3645
3647
3648
3649
3650
3651
3652
3653
3654
3655
3657
3658
3659
3660
3661
3662
3663
3664
3666
3667
3668
3669
3672
3674
3675
3676
3677
3679
3680
3681
3685
3686
3687
3689
3690
3691
3692
3693
3694
3695
3697
3698
3699
3700
3703
3704
3705
3706
3707
3708
3709
3710
3711
3712
3713
3714
3715
3716
3717
3718
3719
3720
3721
3722
3723
3724
3725
3726
3728
3729
3730
3732
3733
3734
3735
3736
3737
3738
3739
3740
3741
3742
3743
3744
3745
3746
3748
3749
3750
3751
3753
3754
3755
3756
3757
3758
3759
3760
3764
3765
3766
3767
3768
3769
3770
3771
3774
3775
3776
3777
3779
3780
3781
3783
3784
3786
3787
3789
3790
3791
3792
3793
3794
3795
3796
3797
3798
3799
3800
3802
3803
3804
3805
3806
3807
3809
3811
3812
3813
3814
3815
3816
3817
3818
3819
3821
3822
3824
3825
3827
3828
3829
3830
3832
3833
3836
3837
3838
3839
3840
3842
3844
3845
3846
3847
3848
3849
3850
3851
3852
3853
3854
3855
3857
3859
3860
3861
3863
3865
3866
3867
3868
3871
3872
3873
3874
3875
3876
3877
3878
3879
3881
3882
3883
3884
3886
3888
3889
3890
3892
3894
3895
3896
3897
3898
3899
3900
3901
3902
3903
3904
3905
3906
3907
3908
3910
3911
3913
3914
3915
3916
3917
3918
3919
3920
3921
3922
3923
3924
3925
3926
3927
3928
3929
3930
3931
3932
3933
3934
3935
3936
3937
3938
3942
3943
3944
3945
3946
3948
3949
3950
3952
3953
3954
3955
3957
3958
3960
3961
3962
3963
3964
3965
3966
3967
3968
3969
3970
3971
3972
3973
3974
3977
3978
3979
3980
3981
3982
3984
3985
3986
3987
3988
3989
3991
3992
3993
3994
3995
3996
3997
3998
3999
4000
4001
4002
4003
4004
4005
4006
4007
4008
4009
4010
4012
4013
4014
4015
4016
4017
4018
4019
4020
4021
4022
4023
4024
4025
4026
4027
4028
4029
4030
4031
4032
4033
4034
4035
4036
4037
4038
4039
4040
4041
4042
4043
4045
4046
4047
4048
4049
4050
4051
4052
4053
4054
4055
4056
4057
4058
4060
4061
4062
4063
4064
4065
4066
4067
4068
4069
4070
4071
4072
4074
4076
4077
4080
4081
4082
4083
4084
4085
4086
4088
4089
4090
4091
4092
4093
4094
4095
4097
4098
4099
4100
4101
4102
4103
4104
4105
4106
4107
4108
4109
4110
4111
4112
4113
4114
4116
4117
4119
4120
4121
4122
4123
4124
4125
4126
4128
4129
4130
4131
4132
4133
4134
4135
4136
4137
4138
4140
4141
4142
4143
4145
4147
4148
4149
4150
4151
4152
4153
4154
4156
4158
4161
4163
4164
4166
4167
4168
4169
4170
4171
4172
4173
4174
4175
4176
4177
4178
4179
4180
4181
4182
4183
4184
4185
4186
4187
4188
4189
4190
4191
4192
4194
4195
4196
4197
4198
4199
4200
4201
4202
4204
4205
4206
4207
4208
4209
4210
4211
4212
4213
4214
4215
4216
4219
4220
4221
4222
4223
4224
4225
4226
4227
4228
4230
4231
4232
4234
4235
4236
4237
4238
4239
4240
4241
4242
4243
4244
4245
4246
4247
4248
4249
4250
4251
4252
4254
4255
4256
4257
4258
4259
4260
4261
4262
4263
4264
4265
4267
4268
4269
4270
4271
4272
4273
4274
4275
4276
4277
4278
4279
4280
4281
4282
4284
4285
4286
4288
4289
4290
4291
4292
4293
4294
4295
4296
4297
4298
4299
4300
4301
4302
4303
4304
4305
4306
4307
4308
4309
4310
4311
4312
4314
4315
4316
4317
4318
4319
4320
4321
4323
4324
4325
4326
4327
4328
4329
4330
4332
4333
4335
4336
4337
4338
4339
4341
4345
4346
4347
4348
4349
4350
4351
4352
4353
4354
4356
4357
4358
4359
4360
4361
4362
4364
4365
4366
4367
4368
4369
4370
4371
4372
4373
4374
4376
4377
4378
4379
4380
4381
4382
4384
4385
4386
4387
4388
4390
4391
4392
4394
4395
4396
4397
4398
4399
4400
4403
4404
4405
4406
4407
4408
4409
4410
4411
4412
4413
4415
4416
4417
4418
4419
4420
4421
4422
4423
4424
4425
4426
4427
4428
4429
4431
4432
4433
4435
4436
4437
4438
4439
4443
4445
4447
4448
4450
4451
4452
4453
4455
4457
4459
4461
4462
4463
4464
4465
4466
4467
4468
4469
4470
4471
4472
4473
4474
4475
4476
4478
4479
4480
4481
4482
4483
4485
4487
4488
4489
4490
4491
4493
4494
4495
4496
4497
4498
4499
4500
4501
4503
4504
4505
4506
4507
4508
4509
4511
4513
4514
4517
4518
4519
4520
4522
4523
4524
4525
4526
4527
4528
4529
4531
4532
4534
4535
4536
4537
4538
4539
4540
4541
4542
4543
4544
4545
4546
4548
4549
4550
4551
4552
4555
4557
4558
4559
4560
4561
4562
4563
4564
4565
4566
4569
4570
4571
4572
4574
4575
4576
4577
4578
4579
4580
4581
4582
4583
4584
4585
4586
4588
4589
4590
4592
4593
4594
4595
4596
4597
4600
4601
4602
4603
4604
4605
4606
4607
4609
4611
4612
4613
4616
4618
4619
4621
4622
4624
4625
4626
4627
4628
4630
4631
4632
4633
4634
4635
4636
4637
4638
4641
4642
4643
4645
4646
4648
4649
4650
4651
4652
4653
4654
4655
4656
4657
4660
4661
4662
4663
4664
4665
4666
4668
4669
4670
4672
4673
4674
4675
4676
4678
4679
4680
4682
4683
4684
4686
4687
4688
4689
4690
4691
4692
4693
4694
4695
4696
4698
4699
4700
4701
4702
4704
4705
4706
4707
4708
4710
4711
4712
4713
4714
4715
4716
4717
4719
4720
4722
4723
4724
4726
4729
4730
4731
4732
4733
4734
4735
4736
4737
4738
4740
4742
4746
4747
4748
4750
4752
4753
4754
4755
4756
4757
4758
4759
4760
4761
4762
4763
4764
4765
4766
4767
4768
4769
4770
4771
4772
4773
4774
4775
4776
4777
4778
4779
4780
4781
4782
4783
4784
4785
4786
4787
4788
4790
4791
4792
4793
4794
4795
4796
4798
4799
4800
4801
4802
4803
4804
4805
4806
4807
4808
4809
4810
4811
4812
4813
4814
4815
4816
4817
4818
4819
4820
4821
4822
4823
4825
4826
4828
4829
4830
4831
4832
4833
4834
4837
4838
4839
4840
4841
4842
4843
4844
4846
4847
4848
4849
4852
4853
4854
4855
4856
4857
4858
4859
4860
4861
4862
4863
4864
4865
4866
4867
4870
4871
4872
4873
4874
4875
4876
4877
4878
4879
4880
4881
4882
4883
4884
4886
4888
4889
4890
4892
4893
4894
4895
4896
4897
4898
4899
4900
4901
4902
4903
4904
4905
4906
4907
4910
4911
4912
4914
4915
4916
4917
4918
4919
4920
4921
4922
4923
4924
4925
4926
4927
4929
4930
4931
4932
4933
4934
4935
4936
4937
4938
4939
4940
4941
4942
4943
4944
4945
4946
4947
4948
4949
4950
4951
4952
4953
4954
4955
4956
4957
4958
4960
4961
4962
4963
4964
4966
4967
4968
4969
4970
4971
4972
4973
4974
4975
4976
4977
4978
4979
4980
4981
4982
4983
4984
4985
4986
4987
4988
4989
4990
4991
4992
4994
4995
4996
4997
4998
4999
5000
5001
5002
5003
5005
5006
5007
5010
5012
5013
5014
5015
5016
5017
5018
5019
5020
5021
5023
5024
5025
5026
5028
5029
5030
5031
5032
5033
5034
5035
5036
5037
5038
5039
5041
5042
5043
5044
5045
5046
5048
5049
5050
5051
5052
5053
5054
5055
5059
5060
5061
5062
5063
5064
5065
5066
5067
5068
5069
5070
5071
5072
5073
5074
5075
5076
5077
5078
5079
5080
5082
5084
5085
5086
5087
5088
5089
5090
5091
5092
5093
5094
5095
5096
5097
5098
5099
5100
5101
5102
5103
5104
5105
5106
5107
5108
5109
5113
5115
5117
5119
5121
5122
5123
5124
5125
5127
5128
5129
5130
5131
5132
5133
5134
5139
5140
5141
5142
5143
5145
5146
5147
5148
5149
5151
5152
5153
5155
5156
5157
5158
5159
5160
5161
5162
5163
5165
5166
5167
5168
5169
5170
5172
5174
5176
5177
5178
5179
5180
5181
5182
5184
5185
5186
5187
5188
5189
5191
5192
5193
5194
5195
5197
5198
5199
5200
5203
5204
5206
5207
5208
5209
5211
5212
5214
5215
5216
5217
5218
5219
5220
5221
5222
5223
5224
5225
5226
5227
5228
5229
5230
5231
5232
5233
5235
5236
5237
5238
5239
5243
5244
5245
5246
5247
5248
5249
5250
5251
5252
5253
5254
5255
5256
5257
5258
5259
5260
5261
5262
5263
5264
5265
5266
5267
5268
5269
5270
5271
5272
5273
5274
5275
5276
5277
5278
5279
5280
5281
5282
5283
5284
5285
5286
5287
5288
5289
5290
5291
5292
5293
5294
5295
5296
5297
5298
5299
5300
5301
5304
5305
5306
5307
5308
5309
5310
5311
5312
5313
5314
5315
5316
5317
5318
5321
5322
5323
5324
5325
5326
5327
5328
5329
5330
5331
5332
5333
5334
5335
5336
5337
5338
5339
5340
5341
5342
5343
5344
5347
5348
5349
5350
5351
5352
5353
5354
5356
5357
5358
5359
5360
5361
5362
5363
5364
5365
5366
5368
5369
5370
5371
5372
5373
5374
5375
5376
5377
5379
5380
5381
5382
5383
5385
5386
5387
5388
5389
5390
5391
5392
5393
5394
5395
5396
5397
5398
5399
5400
5401
5402
5404
5405
5406
5407
5408
5409
5410
5411
5412
5413
5414
5415
5416
5417
5418
5419
5420
5421
5422
5424
5427
5428
5429
5430
5431
5435
5436
5437
5438
5439
5440
5441
5442
5443
5444
5445
5446
5447
5448
5449
5450
5451
5453
5454
5455
5456
5461
5462
5463
5464
5465
5467
5468
5469
5470
5471
5472
5473
5474
5475
5476
5477
5478
5479
5480
5481
5482
5483
5484
5485
5486
5487
5488
5489
5491
5492
5493
5494
5495
5496
5497
5498
5499
5500
5501
5502
5504
5505
5506
5508
5509
5510
5511
5512
5513
5514
5515
5516
5517
5518
5519
5520
5521
5522
5524
5525
5526
5527
5528
5529
5530
5531
5533
5534
5535
5536
5537
5538
5539
5540
5542
5543
5544
5545
5546
5547
5548
5550
5551
5552
5553
5554
5555
5556
5557
5558
5560
5561
5565
5566
5568
5572
5573
5574
5575
5576
5577
5578
5579
5580
5581
5583
5585
5586
5587
5588
5589
5590
5591
5592
5594
5595
5596
5597
5599
5600
5601
5603
5604
5605
5606
5607
5609
5610
5611
5612
5613
5614
5615
5616
5617
5618
5619
5621
5623
5624
5625
5626
5627
5628
5629
5630
5631
5632
5633
5634
5635
5636
5637
5638
5639
5640
5641
5642
5643
5644
5645
5646
5647
5648
5649
5650
5651
5652
5653
5654
5655
5656
5657
5658
5660
5661
5662
5664
5666
5667
5668
5669
5670
5671
5673
5674
5675
5676
5677
5678
5679
5681
5685
5686
5687
5688
5689
5690
5691
5692
5694
5695
5697
5698
5699
5700
5701
5702
5703
5704
5705
5706
5707
5708
5710
5711
5712
5713
5714
5716
5718
5719
5720
5721
5723
5724
5725
5726
5727
5728
5729
5730
5731
5732
5733
5735
5736
5738
5740
5741
5743
5744
5745
5746
5747
5748
5749
5750
5752
5753
5754
5755
5756
5757
5758
5759
5762
5763
5764
5766
5767
5769
5770
5771
5772
5773
5774
5776
5778
5779
5780
5781
5782
5783
5784
5786
5787
5788
5790
5791
5792
5796
5797
5798
5799
5800
5801
5802
5803
5805
5806
5810
5811
5813
5814
5815
5818
5819
5820
5821
5823
5824
5826
5827
5828
5829
5831
5832
5834
5835
5838
5839
5840
5841
5842
5843
5844
5845
5846
5847
5848
5849
5850
5851
5852
5853
5854
5855
5856
5857
5860
5861
5862
5863
5864
5865
5867
5868
5870
5872
5873
5874
5875
5876
5877
5879
5880
5881
5882
5883
5884
5885
5886
5887
5888
5895
5896
5897
5898
5899
5900
5902
5903
5905
5906
5907
5909
5910
5911
5912
5913
5914
5915
5916
5917
5918
5919
5920
5921
5922
5923
5925
5926
5927
5928
5929
5931
5932
5933
5934
5935
5936
5939
5940
5941
5942
5943
5945
5946
5947
5948
5949
5953
5955
5957
5959
5960
5961
5963
5964
5965
5966
5967
5968
5969
5971
5973
5976
5977
5978
5979
5980
5981
5982
5983
5984
5985
5986
5987
5988
5989
5990
5991
5993
5996
5997
5998
5999
6000
6001
6002
6003
6004
6005
6006
6007
6008
6009
6010
6011
6012
6013
6014
6015
6016
6017
6019
6020
6021
6022
6023
6024
6025
6026
6027
6028
6029
6030
6031
6032
6033
6034
6036
6038
6039
6040
6042
6043
6045
6046
6047
6048
6049
6050
6051
6053
6054
6056
6058
6059
6060
6061
6062
6063
6066
6067
6068
6069
6070
6071
6072
6073
6074
6075
6076
6077
6079
6080
6081
6082
6083
6084
6085
6086
6087
6088
6089
6090
6091
6092
6093
6094
6095
6096
6099
6100
6101
6102
6103
6104
6105
6107
6108
6109
6110
6111
6112
6114
6115
6116
6117
6118
6119
6120
6121
6122
6123
6124
6125
6126
6127
6128
6129
6130
6131
6132
6133
6134
6135
6136
6137
6138
6140
6141
6143
6144
6145
6151
6152
6153
6154
6155
6156
6158
6159
6160
6161
6162
6163
6164
6165
6166
6168
6170
6171
6172
6173
6174
6175
6177
6179
6180
6181
6183
6185
6186
6187
6193
6194
6195
6196
6197
6198
6199
6200
6201
6202
6205
6206
6207
6208
6209
6210
6211
6213
6214
6215
6216
6217
6218
6219
6220
6221
6222
6223
6224
6225
6226
6227
6228
6230
6231
6232
6233
6234
6235
6236
6237
6238
6239
6240
6241
6242
6243
6244
6246
6247
6248
6249
6252
6253
6254
6255
6258
6259
6260
6261
6262
6263
6265
6267
6268
6270
6272
6274
6275
6276
6277
6278
6279
6280
6282
6283
6284
6285
6286
6287
6289
6290
6291
6292
6293
6294
6295
6296
6297
6298
6299
6300
6301
6302
6303
6304
6305
6306
6308
6309
6310
6311
6312
6313
6315
6316
6317
6318
6320
6321
6322
6323
6324
6326
6327
6333
6334
6335
6336
6337
6338
6339
6340
6342
6343
6344
6345
6346
6347
6352
6353
6356
6357
6358
6359
6360
6361
6362
6363
6364
6365
6366
6367
6368
6369
6370
6371
6372
6373
6374
6375
6376
6377
6379
6380
6381
6382
6383
6384
6385
6386
6387
6388
6389
6390
6392
6393
6394
6395
6396
6397
6398
6399
6400
6401
6404
6405
6406
6407
6408
6410
6411
6412
6413
6414
6415
6416
6417
6418
6419
6420
6421
6422
6426
6427
6428
6429
6430
6431
6432
6433
6434
6435
6440
6441
6442
6443
6444
6445
6448
6449
6450
6451
6452
6453
6454
6455
6456
6457
6458
6459
6461
6462
6465
6466
6467
6468
6469
6470
6471
6472
6473
6474
6475
6476
6477
6478
6479
6480
6481
6482
6484
6485
6486
6488
6489
6490
6491
6495
6496
6497
6498
6499
6500
6501
6505
6506
6507
6508
6510
6511
6513
6515
6516
6517
6518
6555
6574
6576
6587
6593
6594
6595
6599
6601
6602
6603
6604
6605
6606
6617
6642
6643
6645
6646
6647
6648
6649
6650
6651
6652
6654
6655
6659
6661
6662
6663
6666
6667
6668
6670
6671
6672
6673
6674
6676
6677
6678
6679
6680
6681
6682
6693
6698
6703
6704
6705
6706
6707
6708
6709
6710
6711
6717
6718
6719
6720
6721
6722
6724
6725
6727
6728
6729
6730
6732
6733
6735
6736
6737
6738
6739
6740
6741
6742
6743
6744
6745
6746
6748
6751
6752
6753
6754
6755
6756
6757
6758
6759
6760
6761
6763
6764
6765
6768
6769
6770
6771
6773
6774
6775
6776
6779
6780
6781
6783
6784
6787
6789
6790
6792
6793
6794
6795
6796
6799
6800
6801
6802
6803
6804
6805
6806
6807
6808
6811
6812
6815
6816
6817
6818
6819
6823
6824
6825
6826
6828
6829
6833
6835
6836
6837
6839
6840
6842
6843
6844
6845
6846
6847
6848
6849
6850
6851
6852
6853
6854
6855
6857
6858
6859
6860
6861
6862
6863
6868
6869
6870
6872
6873
6876
6878
6879
6880
6881
6883
6884
6885
6886
6887
6888
6889
6890
6891
6892
6893
6894
6895
6896
6897
6898
6899
6901
6902
6904
6905
6906
6907
6908
6909
6910
6911
6912
6913
6914
6915
6930
6931
6932
6934
6938
6939
6940
6941
6942
6947
6948
6949
6950
6952
6953
6954
6955
6957
6958
6959
6960
6964
6966
6967
6968
6969
6970
6971
6972
6988
6989
6990
6991
6992
6993
6994
6995
6996
6997
6998
6999
7000
7002
7003
7004
7005
7008
7009
7010
7018
7025
7046
7047
7048
7049
7050
7054
7064
7065
7066
7067
7068
7069
7070
7071
7072
7073
7074
7075
7076
7077
7078
7080
7081
7082
7083
7084
7085
7086
7087
7088
7089
7092
7093
7094
7095
7096
7097
7099
7101
7102
7103
7104
7106
7107
7113
7114
7115
7116
7118
7119
7120
7121
7122
7123
7124
7125
7126
7127
7128
7130
7131
7132
7133
7134
7135
7136
7137
7138
7139
7140
7141
7142
7143
7144
7145
7146
7147
7148
7149
7150
7151
7152
7153
7154
7155
7156
7157
7158
7161
7162
7163
7164
7165
7166
7170
7171
7172
7173
7175
7176
7177
7178
7179
7180
7181
7182
7183
7184
7185
7186
7187
7188
7189
7190
7191
7192
7194
7196
7197
7198
7199
7200
7201
7207
7208
7209
7210
7211
7212
7213
7214
7215
7216
7217
7218
7219
7220
7221
7222
7224
7225
7226
7228
7229
7231
7232
7235
7236
7240
7241
7244
7245
7248
7249
7251
7253
7254
7255
7256
7257
7258
7259
7260
7261
7263
7265
7266
7267
7268
7271
7272
7273
7274
7275
7276
7277
7278
7279
7280
7281
7282
7283
7284
7285
7286
7293
7294
7295
7296
7297
7298
7300
7301
7302
7304
7305
7313
7314
7315
7316
7317
7318
7319
7320
7321
7322
7323
7324
7325
7326
7332
7335
7336
7337
7340
7360
7361
7368
7369
7370
7371
7372
7373
7377
7378
7379
7381
7382
7383
7384
7386
7387
7389
7390
7391
7392
7393
7394
7395
7396
7397
7399
7400
7401
7402
7403
7404
7405
7410
7411
7412
7413
7417
7418
7422
7423
7424
7426
7427
7428
7430
7432
7433
7434
7435
7436
7437
7438
7439
7441
7442
7443
7444
7445
7446
7447
7448
7449
7451
7454
7455
7456
7457
7458
7459
7462
7463
7464
7465
7466
7469
7470
7471
7472
7473
7474
7475
7476
7477
7478
7479
7480
7482
7483
7485
7486
7488
7489
7490
7491
7492
7493
7494
7495
7496
7497
7498
7499
7500
7501
7502
7503
7504
7505
7506
7507
7508
7509
7510
7511
7512
7513
7514
7515
7516
7517
7518
7519
7520
7521
7522
7523
7524
7525
7526
7527
7533
7534
7535
7539
7540
7542
7544
7545
7547
7548
7549
7550
7551
7552
7553
7554
7555
7556
7557
7559
7560
7561
7564
7565
7566
7567
7568
7569
7571
7572
7574
7575
7576
7577
7578
7580
7581
7582
7583
7584
7586
7587
7589
7590
7592
7593
7594
7595
7598
7599
7600
7601
7602
7603
7606
7611
7612
7613
7615
7616
7617
7618
7619
7620
7622
7625
7626
7627
7628
7629
7630
7633
7634
7635
7636
7638
7639
7640
7641
7642
7643
7644
7645
7646
7647
7649
7650
7651
7652
7653
7654
7655
7656
7657
7661
7662
7663
7664
7665
7666
7667
7668
7669
7670
7672
7673
7675
7676
7677
7678
7679
7680
7681
7682
7684
7685
7687
7688
7689
7690
7691
7692
7693
7694
7695
7696
7697
7698
7699
7700
7701
7703
7704
7705
7706
7707
7708
7709
7710
7711
7712
7713
7714
7716
7717
7718
7719
7720
7723
7733
7748
7750
7753
7754
7760
7773
7774
7787
7788
7789
7790
7791
7792
7793
7794
7795
7796
7799
7800
7801
7802
7803
7804
7805
7806
7808
7809
7810
7811
7812
7814
7815
7816
7817
7818
7819
7820
7822
7823
7824
7825
7826
7828
7829
7830
7831
7833
7834
7835
7837
7838
7839
7840
7841
7842
7843
7846
7847
7848
7849
7850
7851
7852
7854
7856
7857
7858
7859
7860
7861
7862
7864
7865
7866
7867
7868
7869
7871
7872
7873
7876
7882
7883
7884
7885
7886
7891
7899
7900
7903
7907
7908
7909
7910
7913
7921
7923
7925
7926
7928
7929
7930
7931
7932
7933
7934
7936
7937
7938
7939
7940
7943
7944
7945
7946
7947
7949
7950
7951
7952
7953
7954
7955
7956
7957
7959
7963
7964
7965
7966
7967
7968
7970
7971
7972
7973
7974
7977
7978
7979
7980
7981
7982
7983
7984
7985
7986
7987
7988
7990
7991
7992
7993
7994
7995
7997
7998
7999
8000
8001
8002
8003
8004
8005
8006
8007
8009
8010
8011
8013
8020
8022
8025
8026
8027
8028
8032
8033
8034
8035
8036
8038
8039
8040
8041
8043
8044
8045
8046
8047
8048
8049
8052
8057
8058
8059
8061
8063
8064
8069
8070
8072
8074
8077
8078
8083
8087
8091
8094
8095
8096
8097
8098
8100
8101
8102
8103
8104
8105
8106
8107
8108
8110
8111
8113
8115
8116
8117
8120
8121
8123
8124
8126
8127
8128
8129
8133
8138
8139
8140
8141
8142
8143
8144
8145
8146
8148
8149
8150
8151
8152
8154
8155
8156
8158
8159
8160
8161
8162
8163
8165
8168
8169
8170
8173
8174
8175
8176
8177
8178
8179
8181
8182
8183
8184
8186
8190
8191
8192
8193
8194
8197
8198
8200
8201
8202
8203
8206
8208
8209
8210
8211
8212
8213
8214
8215
8216
8217
8218
8219
8224
8226
8227
8228
8229
8232
8233
8235
8236
8237
8238
8239
8240
8243
8244
8245
8246
8247
8249
8250
8251
8254
8255
8256
8257
8259
8260
8261
8262
8263
8264
8265
8266
8267
8268
8269
8270
8271
8272
8273
8274
8275
8276
8278
8279
8282
8286
8287
8289
8290
8291
8292
8293
8294
8295
8296
8298
8299
8300
8301
8302
8303
8304
8305
8307
8309
8314
8315
8316
8317
8319
8320
8321
8322
8323
8327
8328
8329
8330
8331
8333
8334
8336
8337
8339
8340
8341
8342
8343
8344
8345
8346
8347
8348
8349
8351
8352
8353
8354
8355
8356
8357
8358
8359
8360
8361
8364
8367
8368
8374
8375
8376
8377
8378
8379
8380
8381
8382
8383
8384
8385
8386
8388
8389
8390
8391
8392
8393
8394
8395
8396
8398
8399
8400
8401
8402
8405
8406
8408
8409
8411
8412
8413
8414
8415
8416
8417
8420
8421
8422
8423
8428
8430
8431
8432
8433
8434
8440
8441
8442
8461
8463
8468
8469
8473
8474
8475
8477
8478
8479
8480
8481
8482
8483
8484
8485
8488
8489
8490
8492
8493
8494
8495
8496
8497
8498
8499
8500
8501
8502
8503
8504
8506
8507
8508
8509
8510
8512
8513
8514
8532
8535
8536
8537
8538
8539
8540
8541
8549
8551
8552
8553
8557
8558
8559
8560
8561
8568
8569
8570
8573
8575
8576
8577
8578
8579
8580
8581
8582
8583
8586
8587
8588
8597
8598
8599
8600
8601
8602
8604
8605
8608
8609
8612
8613
8614
8615
8616
8617
8618
8619
8620
8621
8622
8623
8624
8625
8626
8627
8628
8630
8631
8633
8634
8636
8638
8639
8640
8641
8642
8643
8644
8645
8647
8648
8649
8650
8651
8652
8653
8654
8657
8658
8660
8661
8662
8664
8665
8667
8668
8669
8670
8672
8673
8675
8676
8678
8679
8680
8681
8682
8683
8684
8685
8688
8689
8690
8691
8692
8693
8694
8695
8696
8697
8698
8704
8705
8706
8708
8709
8710
8714
8722
8723
8724
8725
8726
8727
8740
8741
8749
8759
8787
8789
8790
8791
8792
8793
8794
8810
8811
8812
8813
8814
8815
8818
8840
8852
8853
8854
8855
8856
8857
8858
8859
8860
8861
8862
8863
8864
8865
8866
8867
8868
8869
8871
8872
8873
8875
8876
8877
8878
8879
8880
8881
8882
8883
8884
8886
8887
8888
8889
8890
8892
8893
8894
8895
8896
8897
8898
8899
8900
8901
8902
8903
8904
8905
8907
8908
8909
8910
8911
8912
8913
8914
8915
8916
8917
8918
8919
8920
8923
8924
8926
8927
8929
8930
8931
8932
8933
8934
8935
8936
8937
8938
8939
8940
8941
8942
8943
8944
8945
8946
8947
8948
8949
8950
8952
8953
8954
8955
8956
8957
8958
8959
8960
8962
8963
8964
8965
8970
8971
8972
8973
8974
8975
8977
8979
8980
8981
8982
8983
8984
8986
8987
8989
8990
8991
8992
8993
8994
8995
8996
8997
8998
8999
9006
9008
9009
9010
9012
9013
9014
9015
9016
9017
9018
9019
9020
9021
9029
9030
9031
9032
9033
9034
9035
9036
9037
9038
9040
9042
9043
9044
9045
9046
9047
9049
9050
9051
9052
9053
9054
9055
9056
9057
9058
9059
9060
9062
9063
9064
9065
9066
9067
9068
9069
9070
9072
9073
9074
9075
9076
9077
9079
9080
9081
9090
9091
9092
9093
9094
9095
9096
9097
9098
9099
9100
9101
9102
9106
9107
9108
9109
9110
9112
9113
9114
9115
9116
9117
9121
9134
9144
9149
9155
9156
9157
9166
9174
9180
9181
9182
9183
9186
9188
9189
9190
9191
9192
9193
9194
9195
9196
9197
9198
9199
9201
9203
9204
9205
9206
9214
9215
9216
9219
9220
9221
9223
9224
9225
9229
9230
9232
9233
9234
9237
9253
9255
9256
9257
9258
9259
9260
9261
9263
9264
9265
9266
9268
9270
9272
9273
9274
9276
9277
9279
9280
9281
9282
9283
9284
9285
9287
9288
9289
9290
9291
9294
9295
9298
9299
9300
9301
9303
9304
9305
9306
9307
9308
9309
9312
9313
9314
9315
9316
9317
9319
9320
9322
9323
9324
9325
9326
9327
9329
9332
9333
9335
9336
9337
9338
9339
9340
9341
9342
9345
9346
9347
9348
9349
9350
9354
9355
9358
9359
9360
9364
9365
9366
9368
9369
9370
9371
9372
9373
9374
9375
9376
9380
9381
9382
9383
9384
9386
9387
9388
9389
9390
9391
9392
9394
9396
9397
9401
9412
9413
9414
9416
9417
9418
9419
9420
9421
9422
9423
9424
9425
9426
9431
9433
9434
9436
9437
9441
9442
9443
9444
9446
9483
9484
9485
9486
9487
9503
9504
9512
9513
9514
9516
9517
9521
9522
9523
9529
9530
9531
9532
9534
9535
9536
9537
9538
9540
9541
9542
9543
9544
9547
9548
9550
9552
9553
9554
9555
9556
9557
9558
9559
9560
9561
9565
9567
9568
9569
9570
9571
9572
9573
9574
9575
9576
9578
9579
9580
9581
9582
9598
9605
9606
9607
9609
9619
9620
9621
9622
9624
9626
9627
9628
9634
9635
9636
9637
9638
9639
9640
9641
9643
9644
9645
9646
9648
9651
9653
9659
9660
9661
9662
9665
9667
9669
9670
9672
9673
9674
9675
9676
9677
9679
9680
9681
9682
9683
9684
9685
9686
9687
9688
9697
9706
9707
9708
9711
9747
9754
9756
9757
9758
9759
9760
9761
9762
9763
9765
9766
9767
9768
9769
9770
9771
9772
9775
9776
9777
9778
9779
9780
9783
9784
9786
9788
9789
9790
9809
9810
9811
9812
9813
9814
9815
9816
9817
9820
9821
9822
9823
9824
9825
9826
9828
9829
9830
9831
9832
9835
9836
9837
9838
9839
9840
9841
9843
9844
9845
9846
9847
9848
9849
9850
9852
9853
9854
9855
9856
9858
9859
9860
9862
9863
9865
9866
9868
9870
9871
9872
9873
9874
9875
9876
9877
9879
9880
9881
9883
9884
9885
9886
9887
9888
9890
9891
9892
9893
9894
9895
9896
9897
9899
9901
9902
9904
9905
9906
9912
9913
9914
9915
9916
9918
9919
9922
9923
9925
9926
9927
9928
9929
9933
9934
9935
9936
9937
9938
9939
9940
9941
9942
9943
9945
9946
9949
9950
9951
9952
9953
9955
9957
9961
9963
9964
9965
9966
9967
9968
9969
9970
9971
9972
9974
9976
9977
9978
9980
9981
9982
9983
9985
9986
9987
9988
9989
9990
9992
9993
9995
9996
9997
9998
9999
10001
10002
10004
10006
10007
10008
10009
10010
10011
10022
10023
10024
10025
10026
10027
10028
10029
10030
10031
10032
10035
10036
10037
10038
10040
10042
10043
10047
10048
10049
10050
10051
10052
10053
10054
10056
10057
10058
10060
10061
10062
10065
10067
10068
10069
10070
10071
10072
10073
10074
10075
10076
10077
10078
10079
10082
10085
10111
10112
10113
10114
10115
10116
10123
10124
10125
10126
10127
10128
10129
10130
10132
10133
10135
10137
10138
10139
10151
10152
10153
10154
10155
10157
10158
10159
10160
10161
10162
10163
10164
10165
10166
10167
10169
10170
10171
10172
10174
10175
10176
10178
10179
10180
10181
10182
10183
10184
10185
10186
10187
10188
10189
10190
10191
10192
10193
10194
10195
10196
10197
10198
10199
10200
10201
10202
10203
10204
10211
10226
10229
10232
10234
10236
10237
10238
10253
10259
10303
10304
10306
10307
10308
10309
10310
10311
10312
10313
10314
10315
10316
10318
10319
10321
10324
10327
10328
10329
10330
10331
10332
10333
10334
10335
10336
10337
10338
10339
10340
10341
10358
10359
10360
10362
10363
10368
10369
10370
10371
10374
10375
10376
10377
10378
10379
10381
10382
10383
10384
10386
10389
10390
10391
10392
10401
10402
10405
10406
10410
10412
10421
10422
10423
10424
10425
10426
10427
10428
10429
10430
10431
10432
10433
10434
10435
10436
10438
10439
10440
10443
10444
10448
10449
10450
10452
10453
10454
10455
10468
10469
10470
10471
10472
10478
10479
10481
10482
10486
10487
10488
10489
10490
10491
10492
10493
10499
10500
10501
10503
10504
10505
10506
10507
10509
10510
10511
10512
10514
10516
10519
10520
10521
10522
10523
10524
10525
10526
10527
10528
10529
10530
10531
10532
10535
10536
10537
10538
10540
10541
10542
10543
10544
10545
10546
10547
10548
10549
10550
10551
10552
10553
10554
10555
10561
10565
10566
10567
10572
10573
10574
10578
10579
10580
10581
10582
10583
10584
10585
10586
10590
10600
10601
10606
10608
10631
10632
10634
10661
10662
10664
10666
10668
10704
10706
10707
10718
10722
10725
10727
10728
10740
10742
10745
10749
10752
10754
10756
10757
10765
10767
10769
10774
10775
10781
10783
10789
10790
10799
10804
10811
10818
10819
10821
10827
10831
10841
10844
10849
10854
10855
10882
10883
10891
10893
10894
10908
10911
10913
10933
10936
10943
10945
10956
10963
10967
10969
10980
10984
10998
11001
11002
11007
11014
11015
11018
11019
11037
11042
11044
11051
11054
11060
11064
11070
11071
11072
11075
11082
11091
11096
11106
11109
11118
11132
11142
11157
11165
11185
11186
11192
11199
11209
11215
11218
11221
11227
11231
11236
11241
11247
11274
11275
11295
11301
11306
11309
11317
11319
11325
11328
11334
11337
11340
11342
11371
11381
11406
11418
11426
11436
11438
11441
11463
11467
11480
11507
11510
11516
11525
11526
11534
11535
11536
11565
11568
11581
11587
11594
11598
11623
11624
11629
11637
11644
11651
11654
11656
11658
11664
11672
11674
11686
11691
11696
11703
11704
11738
11745
11751
11752
11754
11755
11756
11757
11758
11759
11760
11761
11762
11763
11764
11765
11769
11770
11773
11774
11775
11776
11777
11778
11779
11780
11781
11783
11784
11785
11786
11787
11790
11791
11792
11793
11794
11796
11797
11798
11799
11800
11801
11802
11805
11806
11807
11808
11809
11810
11811
11812
11813
11814
11815
11816
11817
11818
11819
11820
11822
11823
11824
11825
11826
11827
11828
11829
11830
11831
11832
11833
11834
11835
11836
11837
11838
11839
11841
11842
11844
11845
11846
11847
11848
11849
11850
11851
11853
11854
11855
11857
11858
11859
11860
11861
11863
11864
11865
11866
11867
11868
11869
11870
11871
11872
11873
11874
11875
11876
11877
11878
11879
11880
11881
11883
11884
11885
11886
11887
11888
11890
11891
11892
11893
11894
11897
11898
11899
11901
11902
11903
11904
11905
11906
11909
11910
11911
11913
11914
11915
11916
11917
11918
11919
11920
11922
11923
11924
11925
11926
11927
11928
11929
11930
11931
11932
11933
11934
11935
11936
11937
11938
11939
11940
11941
11942
11945
11947
11948
11949
11950
11951
11952
11953
11955
11956
11957
11958
11959
11960
11961
11963
11965
11966
11967
11969
11970
11971
11972
11973
11974
11976
11978
11979
11980
11981
11982
11990
11991
11992
11993
11994
11995
11997
11998
12000
12001
12004
12005
12006
12007
12008
12010
12012
12013
12014
12015
12016
12017
12018
12019
12021
12022
12023
12024
12025
12026
12028
12029
12030
12031
12032
12033
12034
12035
12036
12037
12039
12040
12041
12042
12043
12044
12045
12046
12047
12048
12050
12052
12054
12055
12056
12057
12058
12059
12061
12062
12064
12065
12066
12067
12068
12069
12070
12072
12073
12075
12076
12078
12079
12080
12081
12082
12083
12084
12085
12086
12087
12088
12089
12090
12091
12092
12093
12094
12095
12097
12098
12099
12100
12101
12102
12103
12104
12105
12106
12107
12108
12110
12112
12113
12115
12116
12117
12118
12119
12120
12121
12122
12123
12124
12125
12126
12127
12128
12129
12130
12131
12132
12133
12135
12137
12138
12139
12140
12141
12142
12143
12144
12146
12147
12148
12149
12150
12153
12156
12157
12158
12161
12162
12163
12171
12172
12175
12176
12177
12178
12179
12181
12182
12183
12184
12185
12186
12188
12189
12191
12193
12194
12196
12199
12201
12202
12204
12205
12206
12208
12210
12211
12212
12217
12218
12220
12222
12223
12224
12226
12227
12228
12237
12240
12241
12246
12254
12255
12256
12257
12259
12260
12269
12278
12280
12281
12282
12284
12288
12293
12303
12304
12305
12514
12515
12516
12517
12558
12566
12588
12589
12594
12642
12643
12648
12652
12659
12667
12679
